14.068461653600602
14.649348399352064
16.572194558646423
12.196588998674041
13.12233445103854
11.05470701283264
12.329105484886568
12.542450575153083
11.560743080122801
12.442836041897525
15.388334567701733
13.277959329564437
14.93655749078375
15.431502156728705
10.132523748956103
13.431330674690976
11.095978328604224
14.504062700358055
11.197174365820386
10.840683094998717
10.126663042633695
6.053042347126403
11.407825219202412
13.12926718501529
13.712393659925509
13.374261238957542
12.096544682443245
11.201101794748745
9.065276649777791
9.099424278931814
10.57955964359924
11.618892174105023
9.956813422661368
14.082069606687273
12.352370025080557
12.071279036697595
12.360132788262195
17.917577891818716
13.216901067855918
8.832127210981533
8.441777499443317
10.020709489327238
6.7194625472756275
10.896116735254388
5.678681731698315
9.980781856536087
9.856921215792951
16.13328200092271
16.766843183047456
16.749032861249958
11.138416685825511
12.274122009355674
9.912891704947336
7.758391742268827
10.427286793086717
9.233956772134196
8.96123574338333
8.585381579945368
13.137986503584715
9.88861652540939
14.91116208631662
18.278871583780344
13.673247326191719
10.13022541389052
10.976090323485936
10.099509874561365
9.24513748316437
11.054635489170366
6.74209078515401
10.380897591544839
8.866200959637677
11.899734214635888
16.205656020852402
19.701243049543148
12.828802153590619
12.67104974767583
12.607572518547066
11.6020161274126
15.14438112696945
12.067915398230207
11.847210902585916
17.027451567061945
14.58027089189364
13.836797738639667
12.755627563636358
17.254076332977544
13.232989366565992
10.933068318250152
10.507300211836743
11.497116424121161
10.805338589313873
12.107440135596535
14.276016586991275
24.31036910906998
12.973006378793462
15.129915929861287
13.922617746542663
17.806787594701976
11.981202067473728
14.720182208050154
11.105818474676838
12.249023479031063
12.742275049043212
9.399068447398555
10.393962435545529
12.198193368515513
13.529836816052239
10.435653127413438
18.546890318043452
25.368635412647212
13.729639315270019
12.350631204066206
14.06216897543327
12.974070682334915
13.034951175527127
11.350203779619456
15.479768034692341
6.798712378825183
11.43761152746751
14.560912159389291
8.634700774602836
16.848671078964244
10.541292306710284
9.59149291254193
18.07955949398619
11.421263691827308
12.88738809392376
10.104952152400926
12.062602253978234
14.232895071228347
18.349377455371197
16.680954430060684
13.496514543233332
15.50317732397703
12.939013408405987
13.864547446052768
14.225561999033701
12.10442398425029
13.612629748008494
9.156649449603393
13.170296422861389
10.312644310012194
13.284128917819405
16.544303947886952
14.241125474241645
26.468471117452708
22.701178374666952
11.418010210792483
17.750151985001654
14.556660196394347
12.603721121307888
17.187055468037542
14.393671359804245
16.832088834933245
11.131711907834202
14.24816227294747
10.878357742565736
19.034007384995416
20.115568175646168
13.616355710600493
14.653985039349536
13.566304564608654
12.211853820527939
14.523327109477407
15.427318262345366
13.668217913912134
22.49967241665471
18.17522095596241
18.512551149758714
19.12799981204751
18.60381713729311
17.79673692143613
11.951578577003888
16.861744888518704
12.36719425018227
12.207260928062347
14.1620809454934
12.009854684123752
15.62023394055659
14.712566273897199
20.19585895479533
13.802262796879399
17.27710200163243
20.306237711872807
11.036583714083246
9.518556096780973
15.550311824238502
10.452350360279336
17.45412506071083
21.954634011791917
20.94915126318965
13.81451244983575
17.90440315199379
15.967153784742196
18.90454357673709
20.28601764751853
10.134714495902262
18.125168070738653
14.309437642229412
11.289969207005964
18.09438054476957
23.566383047684326
3.4089770985916514
16.9206422104698
18.51294674615572
16.73007196549591
15.752346439907646
16.049328172464108
14.953185982867359
19.058645279200178
15.38508191871031
15.329148035437452
35.53668642583196
17.517812908803965
22.683173970878983
19.71875000791353
21.457912743836243
18.349318113074986
14.239290200428613
15.750739908767358
18.104451675918725
18.149532572597813
11.633779391640179
13.81825574503069
21.98871169868149
14.52522614384964
12.10118943226272
12.363561957353685
11.438991187434734
15.81188693449371
13.853982870568482
14.058009466228748
15.289606006703456
14.712774888688006
12.067369085829483
13.900143205420042
12.645420995102452
12.340616281421386
13.596144404942022
13.28150229865515
14.924523636353786
19.977579000963
13.963640470301616
16.83588079109608
16.28963013331655
16.135636793753154
14.993468671338723
17.442980268519737
14.72175995674652
19.621511025415515
19.082428395178496
15.300453943615548
16.495726690346125
15.450252646051087
16.978669375249556
18.780545016690613
17.781442264546573
15.038087674609786
17.45046745493215
14.479996722228744
14.624763815613859
19.184364396551356
21.792016877396442
12.813797448133135
14.32942736561202
20.868086240260975
26.642152764559768
24.661587299615288
24.9828313985855
22.14543102021631
15.32850928869794
15.338626904169155
18.532040929117933
15.102987676732205
14.364627448161857
12.745861131811793
16.52703162859358
14.17068604673118
15.740936493955013
14.421328911099145
14.635028338571828
15.71745344955347
13.846166681980142
15.385573036234636
19.236120741045834
14.255155637011908
13.66884418046186
15.6666307499601
16.869541615409105
14.437350713888348
16.88076419032952
15.45218527689504
15.399210036345988
13.112660433440107
15.205847893925924
16.099867787634963
15.068774240517971
13.51255455707567
14.656755814359414
13.608422957252142
11.943207711512912
16.276164892430607
17.27429159478574
16.76013758949456
17.78263546327029
16.994785392553954
15.834875858540544
15.236193686304116
16.44463535256178
14.19201753760028
14.225255346910046
13.984478413241483
15.625989197030956
15.979995773803555
22.322703292339405
23.577160675897776
17.40845178114361
25.557531352588104
21.418231184233637
17.005374585064644
16.32471726058872
15.304889023272835
14.17987474596564
18.73737170872004
16.683514357642608
17.26038454921118
19.564510296857588
17.05138277834257
15.366104200869465
15.054488873624768
13.822224020842036
14.547757194214574
15.772354643207537
16.006107767777344
15.351435924551406
16.908299992956017
15.339961550104022
17.13482392662929
17.682009877107955
20.313693123594685
14.380607061601143
19.048173519902978
15.9043373620606
15.185762240913899
13.761312107605715
14.824047602472966
15.162175254280392
15.94760215129706
16.587067554992387
20.128568859507915
18.64950367991465
20.456436828016315
15.641991905879683
16.937629769392604
16.70172257605284
16.188065653302147
15.38342220322691
14.198130351862826
16.03310245078297
17.369772863093523
15.239458518055937
18.582294339740322
20.03126169532174
17.438391572294492
16.361035677873776
15.453975836661654
15.654540057009372
15.06300978174935
15.581172622048834
14.73215877641206
13.295597664379692
15.785368801628007
15.25284417612399
16.20516153329095
19.46559184791939
20.109552425601407
17.395042228503776
17.48115103897071
16.255690472112683
15.92708248272077
15.487715145870157
16.225550494759762
16.33064300808057
16.06815453126503
16.28555136971047
13.307807561294863
12.738161137697492
14.235902055490246
13.33036049481389
14.473293864546733
13.699876688213891
14.656028695348908
14.460518064474748
16.36132630241768
16.363749046232513
16.126765137477662
16.66653191241631
17.10060331741917
15.848688444851112
14.353309651378655
15.479365494553587
15.110504057140469
15.26487205388797
15.778615294795511
16.412200935654766
16.425062323012803
16.04421094186563
14.838203830225059
16.157010011110778
15.375140721523
17.25616093413138
17.51296178034481
16.129727800059698
16.00027737298972
16.04628722711821
16.382219132920376
15.3327532394837
14.385978366902332
14.518437234176831
14.653513817596718
16.258580533996977
15.2982950823161
13.963835167101713
14.223522080059581
13.681453553897175
14.886815630486463
14.180965600122022
13.985491023712134
13.96361573546892
14.736007645763703
15.185393714569607
14.407971281218321
