17.918285187358435
18.574505488668592
20.66494477568826
21.911792215021315
28.6151162907162
22.994843778216964
24.03326076277368
23.555931870089655
26.620555574983946
21.169869030190398
22.39854851059779
18.9160100214302
20.323565438524543
18.972311786480184
23.42584481708072
22.544890036003892
18.570554669989058
12.569824501057724
28.44365895606166
25.270915849515173
20.709867687543674
18.85324985929978
24.87908086518656
26.2614482397871
19.793143287831683
22.715967183288246
24.685481053445226
26.17271811457118
21.74554690613183
21.620433432319707
25.198126439769304
23.722379166691432
25.98863322920252
21.07921743930029
20.15811113363017
22.4948939545438
20.417450089345248
19.342403183104604
7.260207977763418
18.82570541800567
24.46041841492448
11.835354889041167
21.60501661790244
10.322193169976188
18.73276976085016
21.332820270097457
21.881181245882267
18.476852780996417
14.615801735624888
20.023410734542033
20.02203876070122
20.610666453339
21.32334019895649
10.34715611708082
17.395121789338322
18.524063241504003
22.038655237815654
18.0164249370132
19.762883930313336
16.874020247882
18.600291315083666
18.5023594108278
10.392231991739404
17.09474343629795
21.19830910556179
22.996159946233835
16.64908185029005
12.38944805246574
21.647819832771123
22.878147541591986
18.853739982484257
23.85444519560304
18.86952056965604
19.142926658808904
18.764712659545708
28.04581604245226
9.782102238536593
15.406936990970259
23.963173426238694
14.56069445771595
21.423952150332745
21.807037301363287
15.940062455699994
10.218731348892197
6.769379338565388
8.298359824917823
11.363192119290852
9.0987936584575
8.031913019353453
9.350554422672506
22.062910897177293
11.078879777578532
10.033994044489807
24.124984358866598
17.74136816595038
17.204077505060543
9.639433977319783
15.658013503318928
11.34853979052852
10.467144945101186
11.745850158139259
12.262932376222356
9.396723482986348
13.160266264116888
10.655032068716737
19.511953126492735
9.461170210351822
18.422211125624116
19.379267760108757
18.900520660037614
27.059076002823016
24.089002651981694
6.879052994068379
24.397903616463747
6.502880740422661
6.753637357082294
9.294575892779639
18.20064011377404
16.121949611565327
20.97778323146006
19.29443799697944
12.09206111105929
16.714430364531356
16.969960196488465
7.967667996231976
7.336348973530267
9.83341159319915
7.742646949036247
7.8861428150864095
9.459969582657777
11.096350146538736
21.318500027238493
22.778352129349496
7.112545853174142
20.474400275130893
24.517131996823835
16.99716466103053
9.022042992276543
6.4646504593851795
7.960582004347105
14.413639961520435
21.239919265092148
17.3921303545929
20.45253668883738
21.2599964546853
20.357498495212212
15.638108613535096
22.744449058972346
25.279557062645402
23.443549286299195
16.23016498215281
10.780052359782005
16.707543278890547
21.987554888523945
23.570085195473496
23.438069207297215
25.134964967695645
16.65421900917681
16.872730307238264
20.941346833167014
19.79000220523959
18.10655856179507
20.857372976901665
18.686599898741427
21.98429660078876
21.97396068376846
17.529263804718425
23.735303976841276
18.506943454890614
8.763219241384165
7.404727276794157
19.5754109637495
20.141608712588614
25.96496716217759
13.286756690555148
13.2688411107457
14.434610925180092
21.85772432342717
18.480654219625333
22.193123048564463
20.159919751583995
16.43962886329178
18.339524960602358
20.176184587438136
15.589324087811498
19.486276699535818
18.40804118640385
13.781898058263623
23.5986735340636
14.816926820347703
15.478055916326635
20.89812437825858
17.04117679603553
15.154301627983324
20.478781826161708
17.53602754484013
11.663178475061583
18.2741374222047
13.573370331791455
17.423243318043156
16.220341536652477
16.537989879808528
10.625664416335567
15.678755474320168
29.937988370938477
11.375878542682955
17.493640366558527
15.776240993833664
19.129892416654503
24.838213350100386
9.225264320631071
25.775095061990925
21.142833927107375
18.75056947902381
19.483706500082427
16.2866369237369
20.143257096859582
19.950381371218054
22.267979834477174
18.668280521754035
10.489683152428938
23.94953999539935
20.78453470013609
24.82344510255856
11.737040743134804
21.39291811496457
19.723402812582442
29.010078045517457
29.303246231691354
21.49885035774078
22.317909123019135
21.296705886772187
21.636953835563723
23.61566660943243
24.709099363443222
22.074915487250163
23.396345420550134
19.032109439789075
21.892464012421726
21.71491819222863
22.72663894505429
23.0875417518769
23.491228874879198
24.619887896265492
16.94025439038337
23.25596957111774
22.476530067123967
21.344466194579276
19.550653459528547
18.525998175690802
22.320101289573543
21.73121394356453
20.11555293159324
15.379906240002047
21.549493126384547
19.05761753339283
21.17240460454262
29.232638866584075
23.50471090574819
23.533871041596623
20.37176406960351
22.929886605726768
20.615252259819545
23.621670830037367
32.96405297856528
24.166961686472806
9.886315754945784
25.753780331797543
20.58742752781625
20.175399323591915
23.06337189576672
22.948003888862456
19.517106916495393
19.287393029036416
22.632768786553005
22.758678360704163
27.682323730299956
23.170000611408128
24.331688817804466
25.627271803179248
20.646672204129008
19.720334970816253
25.02186792023597
24.52933541049474
26.234496580717604
22.254539042845074
22.365486495201694
25.045825248262254
23.66925887309147
20.181373954856245
24.22358501122322
23.355085261946968
17.010905161350674
23.736832901259085
25.58809117098218
27.645194521647603
25.38876708218638
23.542047818658492
26.214099278172696
25.25466752799303
22.636455354255315
17.638160967898287
15.861110709083622
20.211025167036162
15.868242652768732
18.184102673666334
18.10047083437782
22.190448703222888
23.165035012145548
21.132476263169345
22.38645708296171
19.5713318933638
18.298632747953157
15.890145043730644
15.927570757592244
16.404390717010862
14.285643390364726
17.05862735253862
16.403238469905435
19.560122738694346
20.83008372443404
16.099704342358287
19.009592354467962
18.006850877459005
19.339349814496913
17.958728885241115
17.531751612068422
16.326965177194776
17.000119907588747
22.096614535854894
22.38741847069442
22.66639702837772
21.820764074088178
20.488920548001843
20.56236276358323
20.581223328753396
18.255535952956436
17.5337570888353
18.733772693322837
16.52839587262939
16.84574123688903
17.60975906844707
19.597988309309002
19.991011158315253
20.265499091471
19.126171871640246
17.951398580130345
18.118038137924955
18.60298065765337
17.193352800349075
18.209405529092383
18.79561439895834
15.750116437714002
16.741002850661843
15.803718027184491
16.387219655328195
20.05164488549253
17.22519803522234
15.529948533696647
18.08759010938571
16.11650437413893
16.59531920720613
13.931131162559689
14.545382565351783
14.067100152869932
16.277693738507814
16.640465278279038
16.83246205690228
18.76161797849204
17.376849555823362
13.815845988116715
17.50580135519272
17.23665095006459
17.864477170721685
19.29143171705894
18.960040308881883
20.20835502696024
20.716437304780968
18.713065247855155
17.40241599383217
17.96801286084644
18.62905877600031
17.147534383783647
16.83686843447619
17.393714656681908
17.931232885900062
17.490364921138884
15.503027016822372
14.114931000116234
17.83530709969155
17.756518731172417
16.028475714667792
17.874154626807368
17.482375085955955
19.088152850943388
18.28793385075989
17.355030246772262
17.3666013409078
20.299633387004945
16.542944395598763
14.609414806869372
16.834099831908816
16.269439146387278
14.578393807180788
14.42816460961583
17.33210397475166
13.55332796183972
18.289545408241175
16.95516721808134
19.29505925941642
13.952754094509377
13.742047666498706
13.934093976747203
15.789601912939645
15.54316071264475
17.09352537340359
16.004527371632765
18.952941014511964
19.946146646386122
21.151908248407405
19.41702413728217
16.210658098596394
18.787442364360672
16.67199324050067
16.97332841713631
16.77180769941636
18.374770834151416
18.408621418545803
19.014168296436296
20.220145727709227
21.558972509787623
15.830734100158914
