11.862748817806775
11.118307701690386
9.871857628559777
10.847195832672572
8.102547494580909
16.40330945707708
7.615146920909163
16.432015102234114
7.579071111538765
7.713573799257585
7.845467331438762
2.185105521240982
3.5446775529257417
14.264501822191402
9.790076399586486
12.044528197658138
12.779557168625013
13.58812662885958
15.640010177396173
15.007982245498656
13.524720540158912
7.408373979401138
16.18395899158749
14.98938358821684
8.06256227813132
11.057695590955566
7.620796359887906
16.04218948609018
3.5414173167158864
8.67562566698162
3.531438160149742
2.264157970426723
7.545618985573129
7.721950905239905
15.903656404684183
11.203780945155506
9.884691678138598
8.174553499009102
11.546133656288108
12.842676303815391
1.8202884987920285
8.028868156901074
7.990703151796
8.146301694769585
7.768312891533156
3.0385208297580455
2.3146749889519955
3.9977187323932233
14.629226694847405
16.84345310177719
15.158421751475323
14.743387998144486
8.427376754170282
4.405900754906229
15.917359186922704
8.199818771914227
31.292406613620543
31.694843227776303
4.550223182533727
4.787864184793504
7.028249753089463
8.079441658859496
2.107748556436472
8.089669249387102
4.661384104191465
14.824474437973741
7.500982849088261
1.9251310249748226
11.510959503597745
9.60925677207586
12.685273673934162
2.235652065665258
3.919879025641108
12.111290443731178
13.674389506529177
8.202314293090154
8.340958108550888
15.0074427114182
7.807016365245066
14.589795108299208
3.233293890481822
9.233096918717557
2.6460337699814804
13.29475760379816
11.55480807292285
14.92440329713837
4.09176197215441
11.984282057392017
13.055203840278846
7.7924955277497325
8.12550890423472
11.63631852185436
5.541228911908821
14.889051675147847
1.8173163811304378
2.857098428148638
15.188815634439813
8.48868186909978
2.038695568185143
1.8637806678587636
13.002311046630542
14.793495247515455
2.33115918404029
2.2025579662701564
2.9260938497611604
2.339851428685081
2.5844052061933
1.9629308393700746
9.70216382989765
11.811152981101381
3.1058718863389343
7.836414348820972
8.309100321812798
8.181682404161077
16.348497442302246
8.462261659361426
8.126639225300405
7.4768785792637775
8.400735432252423
11.712815416931214
11.63299592075263
2.1171815315526756
8.077449622668333
11.70413362536913
9.98213030493202
12.16358817694068
2.139958272972845
8.245649179654784
7.982506073266389
7.866313022510725
11.693951652071737
9.922431095799336
9.455338138024882
13.02608123660157
2.052513716565563
1.7580333186540795
13.17540942614183
13.253118329276518
15.576856700129248
9.183010775190013
7.4895457144635635
11.228996204048899
8.069206497144027
11.088976295253103
8.00693525467993
7.544463003991462
8.187812806153584
12.968688605114055
3.440144377767611
2.5993483752203987
7.535892054462469
3.233025229998346
7.692745383826976
7.666414208151862
7.279085906985405
3.5849782204173124
8.831186116479984
9.96959644652774
3.634454374213832
7.508077267566648
12.488697599564391
6.089149397650411
5.140658272145185
2.939117960224287
1.6376223444169977
1.6892466628871543
8.450832272925338
12.468510047427515
15.09285906310011
4.668900522051785
2.972759358443121
2.1665251449080505
7.526622839828061
7.228252304440705
5.077591568163721
7.332833549516924
13.126040470508212
1.8265536899146742
1.8708594356639245
18.823610755474796
13.968821094902705
1.5463005496138889
13.779686630313089
9.02018668241624
6.294450691131144
2.269895902668072
13.655331192646312
3.348007405678074
11.288482834902839
11.39830509380662
11.020812094490553
13.025196199627745
9.329708408688386
3.695118120327975
3.3226065302485517
12.60534096817381
9.368290867926769
7.7889365744754
6.96798269495975
13.425249459678481
7.6622413376880445
7.436211320566706
12.195583295556347
12.700967430987033
7.217647732012895
7.23994320358522
2.513861260184262
14.02449780852049
10.27677173803181
14.244314377380386
10.391386971446455
7.383236249185636
10.700869630074791
14.467451679976605
12.59741462156749
3.4271936719273492
3.158748405237981
4.301029656394353
14.269446797517134
7.1140868741736565
3.171944602578106
11.751116797736834
7.425399843154812
6.348307458965658
2.4001322102516744
7.845305557616122
7.202041114921382
8.792466848053028
13.548213675210867
4.08037879323264
3.4680564151718185
3.119697773270974
3.0784492026089043
2.142123622944393
2.4179451778182677
3.8488240547281896
3.876413609624663
7.163713560540083
3.3077340293378814
3.532656185728449
3.3250415645598457
5.411328868035618
5.463270359464843
5.232492685270323
4.803818602668615
3.4092299974250464
3.4557673045098287
4.9229327911640155
2.955973726957698
11.741117762646233
3.818190826960439
7.064710493478891
4.2575438445927105
2.6824573830478804
5.241428664432677
5.299709079090565
3.7996597912028265
3.788653548914617
5.523163030449235
6.279360602834181
3.6577455657027125
3.53206818875306
4.441863165814935
5.271500206423763
6.766471347819563
3.6135324201413113
3.9413583336003537
2.96477200346361
2.8421968003755
3.692977181935915
10.858726471431455
15.83909004860158
5.348421952192659
4.760695635842245
4.785783713543779
6.35803800883052
7.124959056678974
2.8728388485154452
2.3740993213438117
4.651355523774347
4.501092706514547
9.059191205207753
9.030313132006562
7.5515309320995065
2.8381905805370558
6.468238298763035
5.465943719349481
2.542879940141569
3.060208101906272
3.916263338804306
5.110541473762956
11.862355995915049
4.627302008074633
5.180506653327799
3.2987877246634074
15.406774474888936
7.220927679982077
5.755790484207825
3.2086658603272893
3.8234446680246688
4.282276928105018
3.595006916052224
3.7033481826089023
4.69769318658312
4.93586996932394
3.7397759358489053
4.551768419039447
6.443931583023008
6.780181005332347
5.474007246125572
3.4637885930480348
3.4824402234369582
4.665753113925829
4.948009793090626
13.02192079528792
4.091354100629534
7.463137790614186
13.943120777302791
11.21066111377409
4.319103058268707
13.057689412651452
8.430079247304256
11.47556708958371
11.431006314814246
13.4687359519786
2.2790261345330145
11.257898557866795
12.74174321301743
4.104410983225663
4.91527881562554
6.301255529448565
3.034042196842873
3.0136562380106433
1.9901539113126738
2.449897499251046
3.7172516981450996
12.438702707526014
9.101761790068968
10.237550654611672
8.65616927289197
3.1697625665377025
7.29675728194273
2.544842895433227
2.1259812440407764
1.9448325087929188
3.107423795851228
3.052816148721061
2.518553933776758
8.01286573460154
8.923913129202115
2.0306266034200133
2.4752224801461855
3.535428204571847
3.7131033421804487
2.1590290821493276
4.413486769329951
12.04198794021502
10.23806747933966
9.053848372689782
9.120126134246663
13.951710725861535
2.5148425840249145
5.054577665013924
5.002466182560895
4.306709992616769
3.440175615432099
5.3044394532112005
4.543070922126105
3.4374307875468455
3.0468350378737146
7.828944687303016
2.3907665585656908
2.637559722652857
2.9964093828034297
13.519451383267604
12.31627994417276
14.219249656177011
13.716749175345786
2.206947303326804
9.117641850140899
9.0854892179596
8.83344700591162
2.7520426417074417
15.538399369723756
10.84152500034998
11.360195575263518
3.430973346330364
11.483577832673298
9.286300883640187
2.147254332586438
1.7926410864643765
3.154040254837716
2.879764425002772
4.239663139860788
13.798936095895801
2.898814036646445
2.796064071854691
2.1228059793940943
2.8152764043834275
6.3753182909271615
4.48797992475478
2.683171852211463
15.531218254398684
2.6448670986631515
10.924685895319673
8.136953644447457
12.693007192122758
11.037885397263885
11.105951568987297
11.577594649215989
3.088952369666916
3.3249976453642565
2.6445419450669947
13.120248488436706
3.6807669624012975
3.8609234472593394
11.51225594186943
2.2698977105726392
3.6092833156280886
4.347911779064658
2.766648675698154
4.4051238434823805
5.104412393419317
5.14138099510109
5.0046861989402
4.661120561427534
4.334692016788248
3.5718481719743793
13.679388797496937
3.6636883523534323
4.862735387599935
5.650760671475757
