7.443027543972479
9.212312095686318
10.66160623884456
12.954651023020388
11.570437822261539
7.676748825912073
12.735571710528484
15.36064771756845
14.285033231028264
17.000716653563718
4.038846582224675
17.774272625637362
5.575123918193884
6.865980210414795
29.56929408555105
4.119228643599083
3.095847724099409
3.925458803892768
6.819044437344731
4.979648509056455
4.853871927190365
2.915935998292288
4.693348107560373
3.660407472242553
6.7919024630978235
8.189013420501949
5.749822403268719
4.138884887411266
3.1432698077359937
2.135350902562284
7.826768971963082
4.12400201756296
7.545618985573129
1.698829199152779
7.951828202342091
5.169744636121754
12.177940147466753
8.174553499009102
13.195581321472122
8.02667268988462
7.584535411633452
8.028868156901074
7.990703151796
8.146301694769585
7.768312891533156
64.53151250028824
15.132498852503371
17.035733234630214
13.76772778948417
12.211503498788463
29.003113617822784
28.01243719647453
2.467535913621059
11.174385972588263
3.2662421051565387
13.119710035062763
7.887781461388522
9.260277530515086
9.750478248286559
4.315112889236163
9.36190161285315
8.515810848290533
7.082035149626547
6.552632092003552
8.534018054830423
5.802299295022921
5.217485811922277
6.604949534777255
4.36758692022223
8.930202626849166
7.864869677839181
7.374212351978943
8.64749069899008
8.232217133038993
6.7688228057319435
2.3228954078031316
16.681916217101776
8.33746817301011
7.807016365245066
2.5288978187718625
8.420036173129743
7.694247432264632
5.8279309826887715
7.212406000060502
6.833843631700086
9.498553565112065
8.299553891809445
7.652820113791759
4.964241260266031
4.769007262982836
4.433277658150464
4.797487893438812
5.5283122943985425
8.258460662482006
8.144881599066416
14.75496840827935
28.099308923713654
11.354460868107868
21.593183893027643
73.95820559275913
37.12484861589186
17.259077788768032
6.198764193925317
18.369333438693104
8.186666945779859
6.3928083676574525
19.018571645576333
2.6630428387454015
6.054150229856134
3.56359358515516
2.1274894105154645
5.065458235077876
2.592439300405593
8.181682404161077
9.495207314489145
64.77353564541609
8.126639225300405
7.4768785792637775
26.169971018552747
18.24521990088828
33.90187382619338
65.19941956475371
39.10454911326193
57.97224586554264
8.318441920776685
11.312137004554833
8.532528999094277
8.245649179654784
7.982506073266389
8.102302413186047
16.244569409249365
3.426546205082704
4.548017644389969
5.8617365564707065
5.587768673182547
6.191473705878095
10.751134091731732
5.036184965125077
7.289968935660489
4.9159717683183874
5.6800714698491666
2.8465505377263955
4.189532013317179
7.052588923780974
8.00693525467993
7.544463003991462
8.187812806153584
7.71945750304408
2.5975979651755434
15.380759616688753
3.0233998922503424
3.2022345135221713
7.692745383826976
3.6308137689807216
40.9521373126999
19.14237782321652
18.69267727988263
17.706003289033266
18.516588601257837
19.962475839006206
12.638561970759165
15.176033883374869
14.972204949994197
18.73687699642983
11.147741922722254
12.049172001013268
8.879007774753555
16.693949563500173
10.094104141401356
16.174405379965116
16.475345286529503
22.419919133808996
18.87677008228878
21.563322274607508
38.51715889564195
25.664917423309237
39.90316303034497
58.98925393644436
21.327797566568744
11.836580633784516
3.1290159252582055
14.057277723762628
19.27012621434673
21.53719906871584
7.450817579463949
4.985712183848451
5.571375126599696
8.645487477953509
9.705273117307716
4.989608054813848
12.398413606301872
16.336490522377552
13.204647301096962
11.93305792976505
27.699067940210924
7.8783381051086305
7.806909056605641
14.02008583405572
6.96798269495975
7.4584719220436
7.6622413376880445
7.436211320566706
6.77532405308686
7.0560930172150185
6.697977095307967
7.23994320358522
7.935168119268504
7.791387671400272
11.010826862176938
8.257483639500565
4.7028448465060535
4.075546409550471
7.64347830719628
7.233725839988303
6.57585043245823
7.754458409209356
8.004426962377249
12.276755382204541
10.603784464643843
20.80067207339033
26.66541894640441
29.359823925844015
35.93893524086929
25.075018935663856
39.81339310365478
26.548514006972958
30.334997176048862
23.276590569079048
18.425570598286782
21.901796052213143
22.311162937605364
18.424215118683005
13.551068260287998
13.281734664807745
16.295588275859735
14.433090205230709
13.358073441808447
7.163713560540083
13.72650974408743
14.243850902712785
18.646879436094327
24.82510334670078
19.477222142462963
24.56055372719675
21.636096383672825
17.57647465339135
16.450360288627248
18.709511401034394
26.395514904320894
26.44686776036064
40.56791292694101
26.30907296181523
28.425456279462622
36.58999606543168
18.851292172431087
28.013197841705093
21.176770569637082
12.254727494308783
22.46367376048361
22.054483621044483
21.76261108855262
21.619331153721383
19.209958721068947
16.365863950214337
18.94206799464458
32.76898211784312
29.206475856679546
24.6431358882936
16.325301133864155
20.741060524960833
11.33651043617444
11.264760842565444
13.182148144863364
17.098474415817787
16.791806875808696
9.842731917516478
8.589291132744899
3.7752048970876046
7.70609287911598
6.4276605860031335
11.49386173270679
10.040603585771926
5.604814350598739
6.533584562452493
9.17090331336036
10.446923545646607
11.931257745594948
12.113513687455217
14.592992360462851
17.2678258045561
12.991340405058477
3.875036291998916
1.8558697893347458
6.639518325569615
3.9218920726553836
5.694343845918951
4.173053239715671
4.007735596411375
4.43101475949959
6.775724728144983
6.050189421359383
20.592278626288152
5.375828007012924
4.458279071013456
3.4551089785267584
9.856980859487471
8.990781166681566
4.803493303800554
4.260034361815959
4.916918013112792
9.550819747231113
6.755410358246129
25.213766019663826
17.47581105094204
31.1947347051564
22.209353473154184
8.088129625296162
21.151714219168333
5.5436719207612875
4.042727505186843
3.6155291129252687
7.025066039420214
3.098403114187602
5.020465583365879
7.374881196816727
8.447590205335707
7.227570874150483
3.3638202082366018
8.160463663261627
7.022704607824991
7.619185450716104
11.76897188559974
11.669262316213041
12.701312462292679
16.759811610260996
16.58938774378805
36.01004433828781
7.58480149172414
13.162565127357864
11.541559030522627
3.0894371993544856
13.134163107496914
4.267505778495719
5.402803574731726
6.968484481505705
9.541270778880342
13.798728992219196
17.446868427062526
22.076928962852172
24.73708719414826
32.32971302813442
26.23973831116509
18.747073242663873
15.453582481265295
14.247661364764863
6.323525161098795
3.3115466835591305
4.335090286966108
10.74390006892521
19.261706395528954
17.709371481360243
20.478003898488588
21.229226193058484
17.765767751150843
4.45729425809288
3.8259599059485807
5.345880386439413
6.099493367669308
5.647207722398388
5.8499232727175325
10.290364896991086
9.352116243801085
10.93811532041332
11.426307779757078
11.302261356411716
9.930000704989286
6.995870830839089
6.0353696371521455
7.199862425001591
23.189202438858352
14.10673625908527
13.088223980425717
14.51243819727058
18.040081668249286
11.49201650037098
10.603931126967403
11.243035734897962
8.667892883315902
9.061178437976183
5.351567510998607
6.017256793726578
6.686565340255958
6.350249757698419
7.767111779658444
17.536914562761797
16.324900101114196
13.590455216356894
9.817199500013157
9.1527763991399
13.818362722106974
5.726043352273339
3.3099657371354296
2.463251215147631
2.7566220464939892
2.4721003511694803
2.929303312001085
2.9320846613803573
3.6425021810970826
2.6178314412612917
3.850377191910689
10.54192845552631
6.145308148128581
18.00322785680223
16.803758251565313
17.008141276037122
14.600130682913468
18.373560483223613
2.1942344535535514
14.29733707775211
3.0868291418467706
4.218005358031611
16.135984774660734
5.2963075961794415
15.27142869832007
13.627561091990865
13.615378482064642
6.986316803614758
7.704640241924361
4.748267844820048
13.182600260373615
12.15683846899984
11.41416109055568
