5.897480840852511
7.5477425997761
8.213385546961735
10.779013458867201
5.561588600280336
7.440541169730163
11.358753147228109
14.407590841638871
11.02906428151121
13.103819170178785
7.879987387697092
10.913041288940676
4.59587936915085
5.059143312937217
14.0063359690084
3.3604233671466206
2.9329083701994407
3.321542064832342
5.574099627223996
4.02213924179364
15.027467266843235
14.816747958802276
16.18395899158749
14.98938358821684
5.508342548419318
8.283793668424426
7.940230937847279
4.235138024327807
4.265866167641706
2.4404010314997526
7.826768971963082
3.40917500118538
7.545618985573129
15.44390181047981
4.134950665217888
2.996211132761587
7.199350438910945
8.174553499009102
8.96309861260994
8.02667268988462
7.584535411633452
8.028868156901074
7.990703151796
1.863873827763281
7.768312891533156
55.23685020600804
19.388514154769943
25.27778321862274
18.205259886921215
18.17071720619723
27.345792839661485
39.90543684831107
3.067565138517983
12.770726825815158
5.47557156030141
2.6698609921352725
7.887781461388522
9.260277530515086
14.625717372429838
4.445873885879682
9.21178365696192
8.380271933391498
6.983673550326179
7.183626293455746
8.689182019463702
6.365629323665924
5.596939325516624
6.7764612079113755
5.051666799293182
9.20246490205798
8.78772333761789
6.218552207265826
11.450798123387962
8.817019443036298
6.666264884432975
3.1168794313742585
2.4021959352626556
8.33746817301011
7.807016365245066
8.105441726832893
2.276777781214283
7.694247432264632
4.566488468446027
7.956912425873199
6.190075753351527
9.657747200281541
8.49407468614873
8.32736398959354
5.665958466681019
6.059444522378191
5.031315113502139
5.399251794140423
7.233305805755102
10.005442725699353
18.559756568744852
20.210953317431738
31.930265755955695
22.36937446145174
29.394592267282793
51.142141526044476
52.35705600701954
21.171135420888785
7.712030880156016
19.508370558392812
7.882864852088808
7.430956735054816
24.700949759193648
3.140689342992119
6.636280059649993
5.183408851134779
2.4426730268881256
4.112550250261246
3.7690079059742856
8.181682404161077
7.638018005043609
2.707923730995656
8.126639225300405
7.4768785792637775
18.51858118685724
11.565568594546935
30.411975049967594
53.62983679540739
4.326282017901159
36.864676881734084
8.318441920776685
5.212966361546006
8.532528999094277
8.245649179654784
7.982506073266389
2.9891989485540753
11.693951652071737
2.364846077832175
4.58899077632141
5.002015194855003
5.2412403833727765
6.022063222444156
9.980372640302436
3.1807483990263643
6.76347117919612
15.30501795865002
5.3565230949843405
2.4928371572988555
4.189532013317179
7.274368449686036
8.00693525467993
7.544463003991462
8.187812806153584
7.71945750304408
2.372513363977663
13.842683655019878
2.7159354964282736
2.7218993364938457
7.692745383826976
4.952503578466103
29.689935597412074
19.974655119878108
18.521941014964018
19.742649420252505
18.331677764675028
20.037556611681875
13.325440338735206
15.12919427262371
17.731195942795548
16.64625439972267
11.332346623365623
15.817491479761534
13.605839959409792
15.200499137819412
9.828469821890792
16.424525050789313
15.71494473484353
24.954344775022186
20.863798512003385
20.432823614192987
41.67251937014368
27.44257404137395
42.12000542091969
61.29352166833672
22.89931949252644
14.580254057392334
3.6570373626455277
3.233173876465404
18.715876596549688
19.080701562204485
7.450817579463949
9.428798364928914
6.439854190452001
10.230493515578319
11.045780453952428
5.539576275590017
12.398413606301872
17.615854237985435
13.820408056070395
12.65034556488754
28.259777817543124
29.836842071667405
7.806909056605641
14.02008583405572
6.96798269495975
7.4584719220436
7.6622413376880445
7.436211320566706
6.77532405308686
7.0560930172150185
6.697977095307967
7.23994320358522
7.935168119268504
7.791387671400272
11.084232374591451
8.325727305942719
4.774100071453114
4.075546409550471
7.64347830719628
7.233725839988303
6.519162066661176
7.754458409209356
8.004426962377249
12.205791478261162
10.603784464643843
20.598723800833145
26.54139374200253
29.359823925844015
35.808248203629766
25.329587655822877
39.93819997858787
26.435541606943282
30.44734901744164
23.276590569079048
18.317184888885095
21.676004340334657
22.195561057099635
18.202236623277187
13.477421150177737
13.139684026681456
16.576546694409043
14.721752009335326
13.618295651713805
7.163713560540083
14.453742048409943
15.851662371858428
19.7185391738009
25.450946288214247
20.194804010869493
24.597663604397248
22.53226605636933
17.937794755682553
17.261813038290473
20.11775419466064
27.297925670280584
27.327451592559107
44.336516860044824
27.53016917523281
30.191525868484902
35.43079126775742
19.928508867998577
28.920099930105614
22.39266170282199
14.960908600676365
26.81474570508179
25.678099608018346
27.10854691534889
26.22155054229004
23.431927670754426
17.766151774831606
21.170546582249827
35.08801777541356
33.147834190279895
28.199024623852743
23.39613219821296
24.039191089960205
12.503047908533933
14.217167227624781
15.49625565618734
21.964963288012083
19.784406121002323
11.877653423089981
9.57279775099813
5.340533756855637
10.849603960340447
9.723896783953458
15.555974243943135
10.907266211070134
8.759403738046363
6.7873160017710354
7.805024096476902
9.058408390845477
8.242619819850576
10.159908436638691
12.312837304140531
13.477327457214518
4.1277450365008495
4.045367557581286
2.189926351415
6.828058601306629
4.0104706319287535
9.170112167453894
5.202406372178869
3.946827760599652
2.7136145561625074
5.919684505794522
8.31674389989062
14.814588939775648
6.928844986816657
4.584456780570441
2.610315849161699
24.931839572326034
15.637431270102926
4.894125252928866
3.811609692151121
4.950222260738555
13.190106962326915
3.9799316839279526
8.601634053598232
13.845318658378503
10.834238101679553
5.401305194252148
2.9166285618492225
7.434471998457848
3.2959343674495822
13.230744562429667
3.0293839437351364
7.025066039420214
2.4442957900813305
4.383460272788273
10.116517226152816
10.559487756669634
22.38633128231812
9.00416520386565
7.577141631035888
6.63562640109448
6.2888514831307525
8.588673295678287
7.948104363984115
9.603431373928611
10.352387381450573
11.581850332237211
13.346728005175414
12.68785593535614
9.687647933735388
23.24469988747257
20.89077434203503
20.83370139140288
6.767604183459791
11.46448563418683
8.40167643798541
17.108587584586616
17.21206819088446
20.682934265848345
22.20454126899583
23.237869788442307
28.977991631553728
22.134201024384154
19.506880181365716
16.685389780496585
16.564354269604674
7.606156119972694
3.8413941529285913
13.312412885278512
13.882567504791
21.40189599503217
18.97432658717169
21.86933239302705
19.959101549029345
16.930910244047887
13.964180885151341
6.312833844815158
5.852734877461398
6.225689782172811
4.987343776574663
3.796356457190649
3.81426185165403
5.906599732927001
6.801801073005957
8.897030936631722
7.018097429180694
6.050372522574868
5.425433702145762
10.62286019468446
13.174990357497649
18.688126578838794
17.171574621943645
16.453767289678044
17.20943998614387
19.777274717784394
14.050616400453574
13.794523198534272
12.480165547276698
11.389396905878183
11.610359072700941
10.537451817322335
8.712486399249942
10.88143887919012
10.014565388230793
12.05568235299996
18.294322832914297
15.763445592963723
14.619942859370932
12.998295850366183
11.373716673709048
14.814700196005521
10.941385540695274
10.590655296991159
6.945560803367091
4.172184719017929
3.4085019993397374
4.296311524268258
3.2811423591637334
5.2224966336768555
9.601888413644447
7.197955987626855
11.264803549619547
11.888186025687283
14.429705792570676
19.634451862945532
17.667681419526225
18.600566490031756
21.12334504533871
13.461754477979401
12.206748678383022
8.055871175063523
8.938154211066985
11.50172994737817
6.380515491774146
8.348381021748304
8.11006074742871
6.793536040947014
6.287685123253283
6.855644072015341
4.447321291275115
6.401589672836279
4.681644509307143
4.999953240873898
