5.195883982199367
11.118307701690386
5.903370861878746
9.297596428005061
8.102547494580909
8.20165472853854
7.615146920909163
8.216007551117057
7.579071111538765
4.004887516574538
7.845467331438762
12.486317264234184
7.949713735202391
11.09461252837109
5.642347364961678
9.033396148243604
12.779557168625013
10.568542933557453
7.820005088698086
9.004789347299194
9.016480360105941
7.408373979401138
12.947167193269994
9.898988921658402
8.06256227813132
4.265111156511432
9.77860952936857
9.625313691654107
11.974361172327596
3.245733371894671
15.653537943926164
8.086278465809725
7.545618985573129
12.355121448383848
9.54219384281051
14.404861215199935
4.289956188312152
8.174553499009102
13.489183005874878
8.02667268988462
7.584535411633452
8.028868156901074
7.990703151796
8.146301694769585
7.768312891533156
39.12095568313484
2.165341118697028
19.949654843144106
5.325038516924455
2.2233358094345888
11.789883584480808
9.828925332096325
13.483802806672452
7.981704266134474
9.550415512153622
8.199818771914227
7.887781461388522
2.5558365984221636
6.643325846499241
5.186852866859629
6.9600143185934495
3.818230407521571
4.429784882777319
8.089669249387102
8.081456491316688
2.3719159100757983
11.857922299823356
3.5282401330447657
6.561246917050714
6.111487307040246
6.545601215750028
16.30306275577434
4.276231664335754
10.381106094626723
15.383688194845325
8.202314293090154
8.340958108550888
13.339949076816177
14.05262945744112
16.210883453665787
10.104043407755693
4.154893613422901
11.64920527664803
11.63291290332339
13.205494940483257
14.92440329713837
3.3034408582531025
2.937861144354957
11.42330336024399
9.350994633299678
8.12550890423472
2.815989082288755
1.7760349076630835
16.543390750164274
8.260529005138354
2.7900303899291865
8.438230908022119
8.48868186909978
2.803206406254572
8.471730308448926
11.377022165801725
1.9724660330020605
11.589569807018488
2.0452323972508593
2.9165000994340744
8.035204082022942
2.551271806113898
16.357756994750623
9.70216382989765
10.123845412372614
2.5641500456984225
7.836414348820972
2.486082816286389
8.181682404161077
8.174248721151123
8.462261659361426
8.126639225300405
7.4768785792637775
8.400735432252423
10.039556071655326
9.492524671334147
8.143005890587215
8.077449622668333
16.72019089338447
8.318441920776685
8.688277269243343
3.058058393275389
8.245649179654784
7.982506073266389
7.866313022510725
8.35282260862267
8.268692579832779
4.566928320666017
4.331172011170022
8.330006966581019
7.9910605393367256
8.234630891338643
8.283198955797824
5.860013490588623
9.183010775190013
11.983273143141702
12.632620729555011
8.069206497144027
7.9206973537522165
8.00693525467993
7.544463003991462
8.187812806153584
7.71945750304408
3.151184416770332
4.56808560615656
7.535892054462469
4.883407633121311
7.692745383826976
7.666414208151862
2.6495872701426872
5.145498151657789
5.357586243997856
3.560570159474193
3.3570881193396183
2.2524231802699943
7.805435999727744
7.318689179868282
7.5464742691503
7.289479068016585
7.443737929168171
4.530252414106459
4.338093900101674
6.924179246338079
3.3958932891975246
4.261298095523454
7.823050943271371
7.861121715921808
7.526622839828061
10.119553226216988
13.60069170043854
7.309443330858178
1.6042938352843372
7.025206499671823
10.073858499728825
12.92830409029862
2.9055147877397625
2.755226433857475
7.6553814612850495
9.02018668241624
10.431144611249529
9.401935691524557
6.827665596323156
1.7403987864115558
3.792930232527354
2.47913135790294
6.888007559056596
7.236220110904302
4.91675633137878
9.315423832759603
8.010141104745784
9.454005726130358
7.806909056605641
7.7889365744754
6.96798269495975
7.4584719220436
7.6622413376880445
7.436211320566706
8.130388863704232
1.6934623241316042
7.217647732012895
7.23994320358522
7.935168119268504
7.791387671400272
7.340551241451293
1.8611909029678206
7.422419265318895
7.383236249185636
7.64347830719628
1.5914196847974267
15.746768276959362
2.9079219034535084
12.73688873079831
3.5481951971689427
6.024877536729456
15.75196525946064
11.41962069530319
9.118794762769792
12.326163739636986
7.955272504969496
9.248509450169788
7.845305557616122
7.202041114921382
11.940169979656012
8.454085333331582
6.612471562155662
3.313920574497515
2.84972392750714
13.256479819846955
11.364051050102884
1.955357074550219
3.146122087160391
1.8095912298016366
7.163713560540083
7.33097080970275
9.907288982411517
2.6067399025294957
4.9561703651167335
4.860260386013978
2.8203506672379044
3.875642870232947
14.5693589633549
14.186236882224254
11.83397305568273
8.677026595766236
8.805838321984675
7.292190273033689
5.106402347018989
2.387407763323015
3.8320819757826863
3.619448097106769
2.04052969890118
12.665532637342753
11.394446763652983
7.026924975126255
10.327895728345691
6.964481275138446
8.538440424060578
11.727691526904119
3.833287919889775
4.471427815389745
4.098155579998247
9.079651609856583
3.782534529212354
3.19510815474585
3.1297400960117265
9.307479832655533
7.704133399639808
4.108721499697672
2.32173264642877
6.763036786260998
6.113498085413962
7.2717044886088225
4.800341836621962
4.820050324544183
4.062305906918409
15.642533719068414
7.549326004339793
3.1425489699382836
5.074628786370868
14.78224260696383
9.394756782381155
8.635957987287771
8.360153227862696
3.1922170788512485
3.041757933051888
5.067544129632739
4.160949487797893
3.4519178081626274
9.203666075593004
4.783242200761941
5.503299842430328
4.748007241632051
4.3305471262135065
2.1054959788242877
7.528919128728955
4.10397464246056
9.876392626517099
2.9567054038571072
3.778860634937385
14.238086449972903
4.036583549805167
3.6259850117771864
4.483260416880517
4.31384532217574
4.3961606866008465
3.522288133730623
4.233041374353196
5.685161357304582
5.582370022974039
14.468800883653245
3.81022304400733
15.318427320636673
13.943120777302791
12.611993752995852
1.9111075479065076
8.705126275100968
7.025066039420214
12.910012975781672
2.4562492907865323
8.530199436253113
9.16472376233543
6.3325679388000715
8.494495475344953
7.555984873390395
5.529688667578733
3.767729069035436
7.779595376520188
6.322355744078273
2.237358563818493
6.699527392182668
6.303967342639458
7.69644730028172
11.140556431044416
13.030939476084285
29.165519670130685
7.569121138418489
8.756108738331275
12.584387944450025
4.310529464501409
7.731457234955234
5.770929906580852
2.9830374938931508
6.913677465269531
9.544213408325392
15.340206669098436
3.6782841544406377
10.412594567922655
7.821359589412455
4.42036112164339
10.450859104055162
5.717752467269193
2.1073478895376283
2.808155651476021
7.5448736439081525
2.43203363579911
13.058801239406396
11.643394561102363
11.625528629532027
12.629724367453475
11.514676833406604
10.91673893163995
10.631193255083748
9.82390549827269
5.349501663119778
9.810808821953362
7.4406290308127865
6.376442893500739
8.080241785632989
6.078869496600188
6.2880470544842435
5.323712005868675
9.896597760699201
11.095325999613037
8.063845916001783
16.08352022364855
3.646309672807786
2.411531032613872
4.852768524877456
6.5447738145276455
11.039770028927808
12.006103837971356
7.033495359977246
10.38263527462006
10.156995048487735
8.383570156548899
5.6411782441186675
9.34857531533899
10.509909482702422
8.98674090208415
8.44494889068823
6.981564753523228
11.52538828747075
6.06960653932329
5.324000489178437
9.31156517662195
4.828447367322384
6.63845740190408
7.591659482750076
8.232614490205023
5.843146284582407
8.384317035238661
9.11040591214611
11.807383693530284
11.26143489095312
12.483954916040325
10.893326070710522
8.609368903175307
10.917211619379131
8.941449344869614
9.326830311967088
9.207815750690761
10.492598987018138
11.362099095699712
11.113796688439308
10.280019408365717
10.263165110786593
13.115328424844243
12.428412632097409
7.483000062176833
7.777681208599665
6.293456304599526
7.742109257823992
8.368676531960343
5.982452700771994
6.234644470367812
6.5548960536145655
7.227717137934107
