12.326912941358547
11.099816702455868
18.622516549554156
16.000690380480368
6.2784121681095195
17.336466932071353
18.60372798518138
15.241709788989276
21.182810663639216
18.760140039154905
16.449686218459334
17.113035618310363
11.269334692637235
13.5708278468386
18.82902073869002
14.969589712460778
4.434220182081786
5.025776136314901
4.205242663671739
12.39955860950355
11.149995440031574
3.7494482478543736
18.581048525085667
23.87194400670725
14.70411491344258
19.43626917392006
7.212500098022819
27.93454049374153
27.4794692914194
9.847392962265703
41.44611624021842
21.306942828887152
25.217738157768693
12.223661033550787
20.36770545561796
18.90253468874118
19.080605104500066
23.134485902143076
17.6404783226725
20.519832343902817
25.25359136068174
6.216219719389245
35.28310135764386
6.759386984010005
14.707426458808609
17.469240356952476
23.514731895156935
15.282451634576786
9.79795274357459
17.865086405327084
10.864241597923726
19.217976270649185
6.0655331802836105
5.607444738143422
12.120576336423628
5.444618265276583
14.820632801137787
13.432104251370165
5.535911590787602
8.398117622861935
13.160183990536414
16.400626625904728
10.487476976673388
13.80796777825367
21.758448132275554
11.948454144940584
15.404528562385329
6.620954602570323
13.6847723216889
16.786769533408417
7.949756190986166
17.26527825356512
16.646865943542096
16.101167639289006
20.042525552431485
17.087143858316903
6.2005881374468235
11.787422498208151
17.31688962841266
9.739572558174842
15.361740502172568
21.140268746441343
14.227696198916725
11.496211699391292
8.448119962663927
9.391362253860315
11.632614805828858
7.948185722510106
7.094890272780187
9.29148928595758
9.78553412780417
8.945446213790646
21.49280948304422
23.881839210565808
19.853276119971234
17.45755106020465
11.486616289124829
8.270740627461178
7.246376849356852
6.1169570940486775
5.376290255350402
7.981245872982152
6.953271704544889
13.081588937698235
7.712323133430173
13.587748864496646
6.312971554392647
8.458578573284852
14.146571848784907
19.341202966636608
16.741488398477703
24.285118508771767
3.4926739304255863
6.7452183359352365
6.1081163624865695
6.6234515509655
5.152572026027396
15.160210487254561
11.373804329181187
20.232859149089933
13.675285571997495
16.2771354102672
9.091722422591465
6.3429681643141915
4.475064351724115
6.11019589166
6.654862981175242
6.759788704298538
5.473264152992689
4.772889097016975
13.22822342096435
15.7147259670759
14.270503479346225
4.69042046002988
11.111627522386122
19.179936742215723
3.6238401041664763
6.059236841768528
13.714257739616343
7.179021008292779
5.629424109291072
16.54483650454472
15.37873235003053
17.755721557986156
10.459505189309972
11.56430284842521
16.422570225799554
23.31788546242697
21.70679427927788
20.875205316045413
5.729941661426165
8.143214697874432
4.286969746402619
22.536334673860782
12.003478400554425
22.06111389580257
35.77058906488367
11.494705803979848
7.217168338395844
10.902200640392646
3.157332721461954
11.692943959320631
13.634149894093277
10.169711802691543
7.6850811002973245
18.871246753692507
10.35261750428609
16.67778638703278
24.291001391061716
6.830738183418363
9.922792496296267
12.472416853155012
10.040616001037431
29.193501108329976
3.5471748836404284
7.611348753519698
11.633417791324337
3.335574879006873
8.69737658740621
12.617468948511828
19.79933062670556
10.621913838352786
16.8473395001235
22.448054400716792
11.950380335284958
3.9899425505339514
16.888287859105816
9.394689486014782
28.143200836543848
18.416813944693185
10.04992939869975
13.30521866045008
13.00263720127628
12.39106953300277
15.374923702869019
10.086083520942088
3.526407821197101
9.43465606515984
3.775686445648886
15.510927253651786
17.645380125587472
3.787887459398668
11.263109450650964
18.8167569975618
14.38902387320302
3.0519566519341215
11.173637991873123
12.485052098497228
11.706365405308365
15.867037051621987
12.158922313507073
21.168276662039943
16.518247415098212
11.581012789860516
5.312672365395503
9.96818421523056
8.23316906664665
11.476366388047047
6.592989501776774
7.615218792608685
5.477176283907857
10.369386052573137
5.174960463334408
6.711212087572065
5.350384771629056
6.086504829077153
12.619897302157428
5.83304015975285
5.900647620888664
7.637650734881916
8.53755794625608
6.69605575694236
7.877566070436117
4.206113307938448
5.298956628200864
6.829891702568922
6.544934295499196
4.469440865228649
5.838490107029244
4.845960786603691
5.626704413483734
12.046174933717143
8.745392590059932
8.964492695628097
6.883980728645824
12.001106199917633
9.635130676804517
6.277097826592783
11.359527577843362
8.04929104677392
3.76090461467352
7.532411368269388
11.705407273091758
9.825152292515728
10.644638014367438
12.760035248234828
6.4166372334966395
13.194944949819897
4.884974107507999
6.956613287152472
14.818997329849164
3.220449879235224
11.724387118129473
8.199931406402232
5.939968434361816
6.43107138424706
6.29839142113055
6.524245728307793
5.739803676137116
5.415373231349717
9.395165467237764
6.067592525940213
10.079221001616053
8.064253430635128
6.703438470907989
10.702180820848023
8.831281167317858
12.033071002802396
12.515055390512563
13.499680857832995
14.096983549814482
8.803871189556757
15.938205833435811
13.873182368412046
14.413086537222902
7.755678469183657
8.948819887876997
9.114132918722678
8.993736830011757
9.036714884661441
11.52088912621624
11.00414703713184
6.773656462907834
12.115880908807043
12.526651230562184
17.405832736743506
14.288571074731033
9.917539812934878
9.66790889889922
9.835898145684364
11.315666117619593
11.975078966659439
11.658792452679172
12.443991552759309
10.666633348785858
11.412997855897391
12.655043575867541
13.228351058335797
11.848739643431973
9.468919440038153
9.647080812306857
9.263075207876037
8.620502034299394
10.231733185844387
13.866477444503879
14.141892061272081
9.945730217312999
13.004290676813117
15.960502911155752
14.458668628350075
12.925504948764374
12.297337684008152
10.527948363824713
11.109706260082117
9.897355601078337
9.763120372397534
13.569472815542845
12.071617932373101
8.949573145049687
8.454661932643951
10.537841999699033
9.585500192776827
10.972931169609947
13.299154955816258
9.221327888457294
13.549592222679024
9.268503260918997
10.317137091078987
12.234538855770477
12.84127971254392
8.321986889412209
11.55440068789336
12.795577575830553
12.946157722018823
11.951141588529335
11.385796249028399
11.702183035532382
12.037495099802857
11.932474391146128
13.248089499187971
14.948578698520816
14.108926719327252
10.64133997320228
11.181241375176333
12.530545198364127
12.226069527459567
13.254520162075952
15.859482521813707
14.254281110773938
14.174219681666838
12.757378719600503
13.77449256145892
15.615951382471795
14.040950099395207
12.989603232397638
13.665544381653799
13.307986295226954
14.224662206323991
13.214765904321
11.83129194782936
12.362482197209097
14.687706885968431
13.883892549313302
11.441813591116071
14.813402555136784
13.804242933435466
13.193147003161645
13.638724394894133
12.853451140696663
11.854166686010455
10.548368491407011
14.462354288690355
10.886672604114256
10.446033173255309
10.883136388444647
14.25585079890304
12.925894396787179
9.691724067540129
8.630391023486963
9.020229358031436
6.979425186411052
7.372964425806094
6.777177787484167
9.05169003645585
11.35800821650767
10.290138847034205
10.970174415766902
10.945441015871893
10.214907586239608
7.575196523590009
8.51211202840227
8.415330885703888
7.677880409117466
9.390094946839403
8.344403934868666
7.471287394245364
7.598037289131183
9.278798086201991
10.97797778767658
8.851215537245674
10.288380316493033
10.452578742705334
9.4773765191981
10.195917924875186
9.163486974134262
9.700046400069724
8.707596586796386
8.024885837515178
8.644850358681753
8.819629783395046
10.620414042821192
9.768836388907637
10.85510748570236
9.551042577975526
9.275149249559114
8.763789646690402
9.287966149358445
8.50317524028625
9.202908371191839
10.591195900624054
10.104063648326399
8.152789985927322
