10.16807041526295
11.118307701690386
4.1132740118999065
9.297596428005061
8.102547494580909
16.40330945707708
7.615146920909163
9.859209061340469
7.579071111538765
2.622615091747579
7.845467331438762
9.364737948175637
5.531323842517838
2.1301656054472495
1.9580152799172972
12.044528197658138
14.37700181470314
13.58812662885958
15.640010177396173
10.505587571849059
2.596746343710511
7.408373979401138
2.6509324828220318
2.8479828817611996
8.06256227813132
7.89835399353969
9.77860952936857
12.833751588872143
7.483975732704748
7.626253223436727
15.653537943926164
8.086278465809725
7.545618985573129
7.721950905239905
7.951828202342091
8.002700675111075
11.532140291161697
8.174553499009102
11.546133656288108
8.02667268988462
7.584535411633452
8.028868156901074
7.990703151796
8.146301694769585
7.768312891533156
7.719819181295849
7.777805742446223
3.03722786811693
16.25469632760823
8.421726550888595
8.421345417486291
8.19077111008027
8.427376754170282
7.981704266134474
7.958679593461352
8.199818771914227
7.887781461388522
7.716897942095905
8.125398540238798
3.2589663778846543
5.394011096909923
2.727307433943979
2.9227446649252413
8.089669249387102
8.081456491316688
11.859579550378992
8.469944499873826
12.250833795294325
4.193278104882036
16.015427953459763
5.733743700618241
12.794808745038091
3.6653414265735034
10.381106094626723
13.674389506529177
9.842777151708184
8.340958108550888
8.33746817301011
12.491226184392106
14.589795108299208
10.104043407755693
7.694247432264632
8.32086091189145
9.97106820284862
11.55480807292285
14.92440329713837
11.944259301534975
10.27224176347887
9.791402880209134
7.7924955277497325
8.12550890423472
13.298649739262126
8.072885943923106
16.543390750164274
8.260529005138354
11.73690668840403
8.438230908022119
8.48868186909978
3.955069402279178
8.471730308448926
11.377022165801725
8.21860847084192
11.589569807018488
11.012789831350782
3.805520963077355
8.035204082022942
3.0615261673366776
16.357756994750623
9.70216382989765
10.123845412372614
2.6002648350744564
7.836414348820972
2.486082816286389
1.799970128915437
8.174248721151123
8.462261659361426
8.126639225300405
7.4768785792637775
8.400735432252423
10.039556071655326
26.809070027654492
8.143005890587215
8.077449622668333
1.8392209982722918
8.318441920776685
8.688277269243343
3.3720554604420583
8.245649179654784
7.982506073266389
7.866313022510725
8.35282260862267
8.268692579832779
4.727669069012441
4.467945864154339
8.330006966581019
1.9178545294408138
8.234630891338643
8.283198955797824
6.336665305612579
13.774516162785018
13.481182286034414
5.249555725392861
8.069206497144027
7.9206973537522165
8.00693525467993
7.544463003991462
8.187812806153584
9.263349003652896
3.2424349307694724
5.075650673507289
4.68431050105387
5.468431246168632
7.692745383826976
7.666414208151862
2.2011955782723867
4.723736008079283
4.860096092769484
2.3129463755944357
2.3719596968553427
2.4025847256213275
7.805435999727744
7.318689179868282
7.5464742691503
7.289479068016585
4.466242757500904
4.875780140606104
4.059216435095138
6.001509502828444
4.159591957790391
2.9890844612077565
3.59860343390483
9.43334605910617
7.526622839828061
10.119553226216988
13.60069170043854
7.309443330858178
1.9601553769292264
7.025206499671823
10.073858499728825
12.92830409029862
2.916689844615684
2.7664722560364847
7.6553814612850495
9.02018668241624
10.431144611249529
8.058802021306763
6.827665596323156
2.610598179617334
3.9989450442643304
2.9122669514675916
6.888007559056596
7.236220110904302
4.776810705248454
9.315423832759603
8.010141104745784
9.454005726130358
7.806909056605641
7.7889365744754
6.96798269495975
7.4584719220436
7.6622413376880445
7.436211320566706
8.130388863704232
1.6934623241316042
7.217647732012895
7.23994320358522
7.935168119268504
7.791387671400272
7.340551241451293
1.8611909029678206
7.422419265318895
7.383236249185636
7.64347830719628
1.5914196847974267
15.746768276959362
2.905037060295321
12.73688873079831
3.5481951971689427
5.961457773184936
15.86211886267365
11.149865875729098
9.03194909836246
12.326163739636986
7.955272504969496
9.139703456638378
7.845305557616122
7.202041114921382
11.940169979656012
12.404142298193062
6.693111459255121
3.236852654160364
2.84972392750714
11.783537617641738
11.364051050102884
2.0092783872010958
3.388131478480422
1.9740995234199672
7.163713560540083
7.33097080970275
9.907288982411517
11.58551067790887
5.107889866089695
4.899456034288285
2.869830503505236
3.805811467165687
3.012943433621793
1.9860731635113957
11.83397305568273
10.12319769506061
10.273478042315453
7.292190273033689
6.216489813762248
1.989506469435846
7.98350411621393
2.671497405007377
2.046827630070628
12.665532637342753
11.394446763652983
7.026924975126255
10.327895728345691
6.964481275138446
7.115367020050483
11.727691526904119
4.066669223992653
4.213850420199009
3.4248871632842492
7.4216282724045115
3.969364169926486
2.9083676793199404
3.007802170193088
7.75623319387961
9.101141141926469
3.665971338092319
10.007468303572285
11.47163043990891
3.7088555051511367
6.687845004121982
5.705777157468177
3.736287456541081
3.149736811374755
7.728524564757121
9.059191205207753
2.239517656737627
5.391793085519048
13.304018346267448
9.886342893087145
8.507758880863797
7.155478370375536
9.000612064430213
8.774301729957369
3.753053894794671
6.5303790572383615
3.1735373397624156
9.258777848500745
4.398383632884544
4.659008601206414
5.48988337313706
5.481705223055073
2.310239419435648
6.954192477680944
4.10397464246056
11.52245806426995
14.932855575035898
4.076510616456425
12.656076844420358
3.5498190629168973
3.4894913042962123
4.271785868914455
4.119527965320977
4.063118210343206
3.546919519281187
4.003206138219928
4.861793160729436
4.3656996333514915
13.02192079528792
3.382544947230997
3.302652930329266
9.760184544111954
11.21066111377409
2.6755505670691107
10.155980654284463
7.025066039420214
11.47556708958371
1.7544637791332374
8.979157301319066
3.600861292562163
12.665135877600145
8.494495475344953
7.555984873390395
5.701723426125627
4.093335284878005
7.779595376520188
2.763772653839931
12.516691266117446
7.852235574522583
2.0951782298636017
7.7741891922037585
10.618722088413797
11.700057890984768
11.541559030522627
3.460169663277024
7.29675728194273
12.584387944450025
3.273893981869956
7.833186935415171
2.0716158639008184
3.116779915646645
4.3922186249947615
9.793502564512995
9.718141397701103
7.421880860453265
10.412594567922655
2.9337851592324276
2.33395067222771
4.13143568029767
5.303601748018343
13.547236432741897
2.047613495867932
9.053848372689782
2.1280294313242214
5.078422704213599
16.330146649512432
3.8168541598630794
15.027435127853156
8.3657925264506
15.941499608119084
15.938820472389425
2.8086791740779633
13.811105842822146
3.1991767897674004
7.828944687303016
2.7615271478619743
4.127005213092118
1.8439442355713411
13.519451383267604
2.269274579713831
12.6393330277129
5.486699670138314
2.1220647147373115
5.424996900833835
2.0078931171690715
3.091706452069067
4.641778589013219
2.8528501242812814
5.885399285904275
2.9211931479249045
2.309308983106976
4.390779759551556
5.853183587264118
7.495508179491548
4.406387006239359
3.229737220953821
2.5105638576947236
3.5763560732783857
3.863702106850824
2.450260706765364
4.8245811435924075
2.7733432956600264
2.5806700373514753
5.462784903618211
4.023706139435319
3.0567780594814136
4.926502430295262
15.521520532060752
10.924685895319673
9.76434437333695
14.279633091138104
14.191566939339282
9.519387059131969
11.577594649215989
7.590188487978945
11.545130713070334
2.2376893381336105
9.84018636632753
2.4782720543226833
2.978426659314348
7.24943202739435
2.837372138215799
5.992172828586773
6.832432795673034
12.958541806548729
3.640278165163462
4.0777730586526495
2.5452381163866784
9.496558252258442
9.43546672353752
2.518249647848411
9.096387534739506
10.639524620275395
13.659152929238147
14.843514614163418
2.925504555830472
