8.636081139363332
10.594158910039265
6.508844796430413
4.475243080679769
8.371552071400997
8.785612545210483
3.350664645200032
4.969041366915596
2.7011809441524157
7.025523016363808
10.720046561677925
4.282806821632326
15.642884170016512
69.62344844946932
5.704351182159059
2.4570837523222604
5.456870911002881
2.657233651865874
4.885939179418564
7.528003894342127
15.027467266843235
3.3189515427717096
2.9454805364689243
8.094267137637093
3.3121005838563464
7.449727486706635
7.822887623494856
4.31214053386104
4.948404754464379
9.969038213676491
2.6454479125235215
16.17255693161945
1.6600361768260885
2.001529674638183
4.2240111410841195
3.0378251762721638
5.743005864998526
9.809464198810922
7.57096478319463
2.1190415901295396
2.002317348671231
2.427929730646885
6.01220505141131
2.473217194532046
2.5231480271699684
9.019836731426068
3.730235634077208
3.8938818822011925
6.046747033870261
6.0434309729176565
15.158421751475323
5.353487997548465
4.5271867923402755
4.3101203037126155
3.8520009232352947
3.5357618544494147
12.620450338221636
5.08697912342962
5.359512877141512
7.644489034544251
7.1340146765582855
9.811695107813005
5.069135278229716
4.950877580624907
4.945851372685813
3.1546481604008116
15.245900099772888
3.3882306039556878
9.866536717369495
8.392084247612917
6.647083405141502
13.620280276976032
16.969173271173627
4.553845206842922
15.383688194845325
11.847422764939417
7.099823541998516
15.0074427114182
2.813648698034322
3.527488239517675
6.527212041410177
7.324923555515929
8.946589652465686
4.1878486451964205
4.153128158781985
16.582670330153746
5.241823510616492
5.22514697702292
3.0157520871044134
2.468662583191115
12.298770277449673
4.278840553607589
4.443316423535277
6.018485554909764
6.965278057132659
8.779206202926215
5.316085472053935
2.7163781981119297
4.461345468378489
3.700451798730491
16.252888808288176
14.793495247515455
2.9305055083461036
3.3227160176875503
4.2596251452260825
5.245381224744577
6.659813415959658
3.9160470245432992
12.865069238444285
2.956162860412803
3.3488259239595273
7.899105663611539
11.632740450537916
11.454355365825508
4.296385127837031
3.970493170572381
4.076322235410683
7.4768785792637775
2.18419121238563
3.0888367513792887
4.141346547787936
2.827251645211881
3.5863876324647395
2.7387672683363764
14.973195457398033
15.638899084638018
5.35160218823193
9.89477901558574
2.969492259255097
9.43957562701287
2.0046774260694407
9.922431095799336
11.031227827695695
3.39980720275301
2.9988025079691663
2.723353431805956
13.17540942614183
11.596478538116953
14.019171030116324
10.713512571055015
13.481182286034414
4.2445605651304845
12.910730395430443
11.088976295253103
8.00693525467993
7.544463003991462
8.187812806153584
51.97356347649519
4.3435244663591055
2.7716128829273132
7.535892054462469
4.310700306664462
60.72345496177661
5.68541277676542
7.279085906985405
6.680712354283557
8.831186116479984
9.96959644652774
4.766236218815507
1.6517769988646627
3.44063618867999
11.37324298551531
6.761640945158669
4.359108482673918
3.111482454392296
4.73107194745668
7.042360227437782
9.697730036888068
12.074287250480088
3.168182497106568
3.0322145456119833
7.861121715921808
3.6127789631174694
8.673902765328847
10.064511858324519
8.876587980994172
13.126040470508212
1.8265536899146742
2.506951643789659
34.22840331818172
2.796557983199521
1.5463005496138889
2.057766536793421
10.523551129485613
7.009729178759683
2.7077574791590724
13.655331192646312
5.062978287742708
11.288482834902839
12.823093230532447
12.398413606301872
3.357606131459596
7.774757007240321
3.8006929237659173
4.421597889819673
12.60534096817381
10.929672679247897
7.7889365744754
6.96798269495975
13.425249459678481
7.6622413376880445
7.436211320566706
12.195583295556347
14.112186034430037
7.217647732012895
7.23994320358522
2.780482908991684
14.02449780852049
10.27677173803181
14.678592254739543
11.875870824510233
7.383236249185636
10.700869630074791
14.467451679976605
12.59741462156749
3.4271936719273492
3.158748405237981
4.301029656394353
14.269446797517134
6.701010862124864
3.1378376713675884
14.76376294924633
7.425399843154812
6.491502364055109
2.4961374986617413
7.845305557616122
7.202041114921382
8.792466848053028
13.548213675210867
4.577120559365309
3.930463937194727
3.5876524392616203
3.1108539310574184
2.3864507205216055
2.8606675343202044
4.321179734172103
4.414804388739199
7.163713560540083
4.498283688833608
4.084633714748519
4.379323036249553
6.473365374846345
6.259243524419987
6.345789001285285
5.81928358893836
4.28339153522634
4.128194932727258
5.916986527841365
3.644351170221819
11.741117762646233
5.553732111942457
8.51636333460469
5.2125069499219165
3.3211377123449948
5.946236159532548
6.291633238278639
4.322113012493215
4.307100876660828
7.690266692778172
8.0114962578453
5.504725999869428
6.2415999499882835
7.505722577218636
5.431949852994491
7.9009695378731415
6.147233369997371
3.4107908656156907
9.18834298594094
9.45298270634867
14.516419740314133
10.858726471431455
3.2755238220508063
11.806670976142735
4.932252235332054
4.515618503908243
6.276524701025001
7.193648407795072
4.58856204971217
4.275175070465275
5.87218374523743
5.24303106473123
2.6634022143310796
4.900449926302228
9.061837118519406
7.982411007760469
8.063737079124582
6.946060675335374
4.934812669224508
5.700387640805801
5.13296651202506
5.583512259195345
5.806471178513289
6.730621102654011
5.691015707631099
5.522415005732816
6.381485987498998
10.472818056412363
7.558662424234827
4.519635054689581
7.701337124043359
4.7597644049155985
6.419655207236115
11.388791185227378
7.609486484051995
8.922534175316352
8.910164570966995
8.575365535217733
8.64024581689911
8.944577410914631
7.590340799799118
6.16092531083477
7.232536671231645
6.333601512116512
6.587587002635448
4.326171464212321
6.220772316746661
9.705755550355395
7.568325957919955
9.122675481333665
12.701514779932479
13.202774850569801
13.769129437263619
9.96079223375866
11.984337199002422
10.10155196398395
11.103415327444846
11.741988195855068
11.020192130014188
12.648718678055522
8.036480863547759
10.717096018589686
8.738041526907475
9.862874960762106
10.983396586018058
10.176497304581266
8.33155917799133
11.194832436773414
10.873571418535727
18.93654369655885
18.5415145825346
10.930428811316169
18.011315674747436
12.220838959388136
14.205420130636096
13.117147259304856
13.867988483198907
14.606998410642486
13.563008439219933
14.055160044101074
15.31343492971083
24.58126940982121
21.152442107980022
13.40051339645171
18.2560914323872
15.75351175291074
12.888123128925695
10.332025652704486
2.737951760189121
7.375868474284609
5.472075680547997
13.096005801342027
16.722070169100732
18.01503321633168
18.95460484126545
19.398599710333652
19.885426611167745
20.89260587520806
18.029908246500472
13.605473822495682
12.988657766455644
13.979363633648266
12.32778959410143
15.567808386528688
14.198370613899327
19.744407664629932
17.070364002623446
15.976116947029105
16.51496600711633
13.262904467108196
14.342050630271633
14.270275065008544
15.546866730404453
16.304323739537868
14.543941810061433
16.25918992195344
15.268102853154168
14.41008805458753
17.988557017866913
17.241730838501994
19.186115101351042
14.573043797306557
15.517878053801562
13.829637917080618
12.19629122425706
13.798936095895801
12.675445798136142
14.711317502241997
14.100162883658722
14.514313907043448
18.06443644264658
16.874804517077973
15.401221172417468
16.48483505521876
17.135758667395066
16.081137637910558
14.148534996965239
16.17089116276439
14.175798531628907
14.263214943599401
16.211940393087875
14.460848525818792
15.645301420597887
14.463610176481794
14.839001040421916
15.109465105386683
14.989467501124494
15.719163184626858
13.531112463580236
14.373589542166787
13.457822173295371
13.800847023974395
15.81649227612245
15.760992653364907
15.315970365356836
14.244837378387663
15.757229428307658
13.337513897809995
13.45355716387973
12.858625469647121
12.608915837345615
12.147932360231342
13.329036799826536
